corner_positions:
  - x: -0.210
    y: -0.1485
    z: 0.05002003697276132
    qx: 0.99999999811039741
    qy: -5.9182879803837562e-05
    qz: -2.2661899653142966e-06
    qw: 1.647593098229256e-05
  - x: -0.420
    y: -0.1485
    z: 0.050009497351196711
    qx: 0.99999999820484287
    qy: -9.1828015000907125e-06
    qz: -3.6615044115010941e-05
    qw: 4.6533094547606611e-05
  - x: -0.420
    y: 0.1485
    z: 0.050009867572223102
    qx: 0.99999999986001775
    qy: -1.836469646526898e-06
    qz: -1.612535245350501e-05
    qw: -4.0700033660821255e-06
  - x: -0.210
    y: 0.1485
    z: 0.050023309815534114
    qx: 0.99999999840198639
    qy: 5.5509859571361937e-05
    qz: -4.5975839120083051e-06
    qw: -9.6718618866071241e-06