corner_positions:
  - x: -0.23443149806055266
    y: 0.14522919975371321
    z: 0.096721171576081094
    qx: 0.8215459679974787
    qy: 0.56986812321077696
    qz: -0.0071816940031615966
    qw: -0.016154500504726447
  - x: 0.24602685967378735
    y: 0.15029455616393098
    z: 0.096131933858989105
    qx: 0.8867036755900789
    qy: -0.46060873673282215
    qz: -0.039012085545421432
    qw: 0.0086162939733102264
  - x: 0.23379217940465227
    y: 0.44837929880316219
    z: 0.095803423883935743
    qx: 0.9534353968986794
    qy: -0.30109661448655989
    qz: -0.0059660316720976121
    qw: 0.016314997746768596
  - x: -0.23794042174754398
    y: 0.44390902024232726
    z: 0.095345715022460087
    qx: 0.99593561793253271
    qy: -0.088895711983376507
    qz: -0.013575763144213557
    qw: 0.0050493543513071421