corner_positions:
  - x: -0.22893286999402396
    y: 0.13371671080028996
    z: 0.025580761791408863
    qx: 0.94085149949606883
    qy: 0.33698375215054621
    qz: 0.035106177741345473
    qw: -0.0028218729473519538
  - x: 0.24588095218279268
    y: 0.14824455101563386
    z: 0.027031820027715897
    qx: 0.94230336133699311
    qy: 0.33450058858617177
    qz: 0.00937067078568001
    qw: 0.0092694108515635962
  - x: 0.23943622581641438
    y: 0.44734648315213388
    z: 0.027461878060315539
    qx: 0.93171330068629121
    qy: 0.36274416278880961
    qz: -0.0016690299341789562
    qw: -0.018005888647356937
  - x: -0.23837231734805384
    y: 0.45955425679889272
    z: 0.026171341018184135
    qx: 0.55951615759541851
    qy: 0.8286994768015884
    qz: 0.012718057774739729
    qw: 0.0060907753915831744