corner_positions:
  - x: -0.24032074704567027
    y: 0.15185085893534925
    z: 0.097301199601786709
    qx: 0.995079571881888
    qy: 0.099037800006605101
    qz: 0.0028101745674045057
    qw: 0.00051255449558861119
  - x: 0.24732793432055022
    y: 0.15314435568007426
    z: 0.094832519628829243
    qx: 0.88910507575602815
    qy: -0.45628125504802425
    qz: 0.035657063895663303
    qw: 0.0053060673768694118
  - x: 0.24139053101427094
    y: 0.43898739845049339
    z: 0.096984265175333359
    qx: 0.99141498388886895
    qy: -0.12351762443953072
    qz: -0.039092260112694066
    qw: 0.017649968065983592
  - x: -0.24099337551162686
    y: 0.44031199359447903
    z: 0.098771212580299028
    qx: 0.99165506322446328
    qy: -0.12720734400461994
    qz: 0.0060639806038043356
    qw: 0.020043835755981194