corner_positions:
  - x: -0.23220227917722389
    y: 0.23296956506107702
    z: 0.095528959614558678
    qx: 0.84258757870566414
    qy: 0.53855807384151189
    qz: -0.0011152236854098845
    qw: -0.00035998219185099376
  - x: 0.23716108827878851
    y: 0.22945065733042455
    z: 0.096088373390276788
    qx: 0.97654601735374547
    qy: -0.21487892034089739
    qz: -0.013583146254820046
    qw: -0.00065093892859854809
  - x: 0.23473940583017747
    y: 0.44938022272954314
    z: 0.095395519769387635
    qx: 0.98115796294514335
    qy: -0.19291572731131768
    qz: -0.0036750410086753725
    qw: -0.0099532898514353256
  - x: -0.23355919912236089
    y: 0.44716247810967097
    z: 0.095201761591532819
    qx: 0.97043914615809068
    qy: 0.23931791988964474
    qz: -0.020873334356516702
    qw: -0.02321854294503678