corner_positions:
  - x: 0.4516383852686654
    y: -0.0007234936133126992
    z: -0.069136499107953664
  - x: 0.4516383852686654
    y: -0.0007234936133126992
    z: -0.069136499107953664
  - x: 0.4516383852686654
    y: -0.0007234936133126992
    z: -0.069136499107953664
  - x: 0.4516383852686654
    y: -0.0007234936133126992
    z: -0.069136499107953664