corner_positions:
  - x: -0.17235730810493757
    y: 0.24679619182645371
    z: 0.030205854340148705
    qx: 0.82602811369062534
    qy: 0.5572386227367282
    qz: -0.030531782007314066
    qw: -0.078933408710376296
  - x: 0.18111818269919316
    y: 0.25124262115919482
    z: 0.029589651742742848
    qx: 0.91229301442353428
    qy: 0.40696260042420507
    qz: -0.043013658348924684
    qw: -0.015897260312139391
  - x: 0.17692507514659694
    y: 0.50265569200285987
    z: 0.029599929606176009
    qx: 0.870106239353449
    qy: 0.49152367070078579
    qz: 0.029527603715048228
    qw: 0.021159725845840856
  - x: -0.174864456071438
    y: 0.49750395765925393
    z: 0.0257127393308927
    qx: 0.72985114435908927
    qy: 0.68152112757918359
    qz: 0.026609236822408341
    qw: 0.046240764014610476