corner_positions:
  - x: 0.19448667652048027
    y: -0.29713288387886971
    z: 0.25127508846402657
    qx: 0.49980087872426943
    qy: 0.50019904211123811
    qz: 0.50019904200864507
    qw: 0.49980087862175848
  - x: 0.17802055656856342
    y: 0.30728114075740931
    z: 0.25127508846402657
    qx: -0.16359213215493235
    qy: 0.68792268053870353
    qz: 0.68792268039760796
    qw: -0.1635921321213786
  - x: 0.22821498370844451
    y: 0.34602110918392293
    z: 0.15829035001050762
    qx: -0.17494101729921377
    qy: 0.68512454383773758
    qz: 0.6851245436972162
    qw: -0.17494101726333283
  - x: 0.19454152842658234
    y: -0.36601404413952066
    z: 0.15829035001050762
    qx: 0.49980087872426937
    qy: 0.50019904211123789
    qz: 0.5001990420086454
    qw: 0.49980087862175832