corner_positions:
  - x: 0.23506814615907962
    y: 0.15273151168063856
    z: 0.024080323206306792
    qx: 0.79255172062627066
    qy: -0.60871858414639501
    qz: -0.029423035947273996
    qw: -0.021394868608880277
  - x: 0.23987799311232463
    y: 0.45566561545837292
    z: 0.025967120525533877
    qx: 0.83117602308182714
    qy: -0.55594417582008171
    qz: 0.0057984618260978919
    qw: -0.0062345702385366835
  - x: -0.23837787483091899
    y: 0.44358540882165065
    z: 0.025774441147151966
    qx: 0.98459988285107358
    qy: -0.17468068571496684
    qz: -0.0069015534680864025
    qw: -0.0014482014806266809
  - x: -0.24176979774904953
    y: 0.14978603860475209
    z: 0.023496667830204959
    qx: 0.97684981064974674
    qy: 0.20734194858885613
    qz: 0.046474203516291383
    qw: -0.024777251592063867