corner_positions:
  - x: -0.21003336774357345
    y: -0.29703601210702174
    z: 0.049995828049163818
    qx: 0.99999999981954135
    qy: -9.1828798489736495e-06
    qz: -3.1546040103984309e-06
    qw: 1.6329127118842117e-05
  - x: -0.31503060083647655
    y: 0.4456046567471183
    z: 0.041725424938954647
    qx: 0.99901742170812524
    qy: -2.8267245160312826e-05
    qz: 0.025875676538193924
    qw: 0.03598110182169844
  - x: -0.41995439073406932
    y: -0.29693600703790157
    z: 0.05006251580884169
    qx: 0.99999999200839285
    qy: -9.1885226030709603e-06
    qz: -0.00011387759194354264
    qw: 5.4135749930087284e-05
  - x: -0.42004253322975693
    y: 0.29701551311348401
    z: 0.05002445758442868
    qx: 0.99999998509942556
    qy: -0.00015183970319921375
    qz: -4.2862323684461169e-05
    qw: -7.0061934248917532e-05