corner_positions:
  - x: -0.21018228011199253
    y: -0.29699508816460113
    z: 0.050020036972763748
    qx: 0.9999999981103973
    qy: -5.9182879807667838e-05
    qz: -2.2661899656593384e-06
    qw: 1.6475930988964046e-05
  - x: -0.42003667910641102
    y: -0.29702873856280132
    z: 0.050009497351192755
    qx: 0.99999999820484287
    qy: -9.1828015009788926e-06
    qz: -3.6615044105068502e-05
    qw: 4.6533094537209763e-05
  - x: -0.42000196529916051
    y: 0.29699923604858003
    z: 0.050009867572219299
    qx: 0.99999999986001775
    qy: -1.8364696432794957e-06
    qz: -1.6125352447211606e-05
    qw: -4.0700033631385606e-06
  - x: -0.21006551997962075
    y: 0.29696923501609795
    z: 0.050023309815535003
    qx: 0.99999999840198639
    qy: 5.5509859576802044e-05
    qz: -4.5975839085267896e-06
    qw: -9.6718618889189294e-06