corner_positions:
  - x: -0.19451206510534119
    y: 0.32901499877647472
    z: 0.36508196590045267
    qx: 0.70710678118654757
    qy: 0
    qz: -0.70710655698549763
    qw: 0.00056308801719946874
  - x: -0.19451206510534119
    y: 0.32901499877647472
    z: 0.36508196590045267
    qx: 0.70710678118654757
    qy: 0
    qz: -0.70710655698549763
    qw: 0.00056308801719946874
  - x: -0.19451206510534119
    y: 0.32901499877647472
    z: 0.36508196590045267
    qx: 0.70710678118654757
    qy: 0
    qz: -0.70710655698549763
    qw: 0.00056308801719946874
  - x: -0.19451206510534119
    y: 0.32901499877647472
    z: 0.36508196590045267
    qx: 0.70710678118654757
    qy: 0
    qz: -0.70710655698549763
    qw: 0.00056308801719946874