corner_positions:
  - x: -0.14463370491941097
    y: 0.24458688924666633
    z: 0.023395995064592237
    qx: 0.86201774058847569
    qy: 0.50491599386820396
    qz: 0.044340626401714517
    qw: 0.0043775446459164633
  - x: 0.1503986089678398
    y: 0.24590443412391158
    z: 0.020946406936900433
    qx: 0.81659332866759315
    qy: 0.57691798440503306
    qz: -0.015079423575858338
    qw: 0.010657665327544176
  - x: 0.14774208269138911
    y: 0.44855054653225268
    z: 0.024942790994386996
    qx: 0.79499149547568781
    qy: 0.60579313420455172
    qz: 0.031214684844284701
    qw: 0.0053706723999227607
  - x: -0.14522879616158257
    y: 0.44349420293286251
    z: 0.029736265551307525
    qx: 0.60883438152631342
    qy: 0.78425714992124007
    qz: 0.10800593266662871
    qw: 0.050952302967546124