corner_positions:
  - x: -0.19544673890004616
    y: 0.32811973550576845
    z: 0.36574188151035752
    qx: 0.60858867397149685
    qy: 0.3600275350805367
    qz: 0.60772683926960891
    qw: -0.36148041264890007
  - x: 0.19405615717290453
    y: 0.24349855069490678
    z: 0.45088787398141983
    qx: -0.49980087872426909
    qy: 0.50019904211123789
    qz: -0.49940239829297584
    qw: 0.50059688820114745
  - x: 0.19405615717290453
    y: 0.24349855069490678
    z: 0.45088787398141983
    qx: -0.49980087872426909
    qy: 0.50019904211123789
    qz: -0.49940239829297584
    qw: 0.50059688820114745
  - x: 0.19405615717290453
    y: 0.24349855069490678
    z: 0.45088787398141983
    qx: -0.49980087872426909
    qy: 0.50019904211123789
    qz: -0.49940239829297584
    qw: 0.50059688820114745