kinematics:
  shoulder:
    x: 0
    y: 0
    z: 0.15185000000000001
    roll: -0
    pitch: 0
    yaw: -0
  upper_arm:
    x: 0
    y: 0
    z: 0
    roll: 1.570796327
    pitch: 0
    yaw: -0
  forearm:
    x: -0.24354999999999999
    y: 0
    z: 0
    roll: -0
    pitch: 0
    yaw: -0
  wrist_1:
    x: -0.2132
    y: 0
    z: 0.13105
    roll: -0
    pitch: 0
    yaw: -0
  wrist_2:
    x: 0
    y: -0.085349999999999995
    z: -1.7505577623783513e-11
    roll: 1.570796327
    pitch: 0
    yaw: -0
  wrist_3:
    x: 0
    y: 0.092100000000000001
    z: -1.8890025766261998e-11
    roll: 1.5707963265897931
    pitch: 3.1415926535897931
    yaw: 3.1415926535897931
  hash: calib_16756443741236045476