kinematics:
  shoulder:
    x: 0
    y: 0
    z: 0.15192850912365372
    roll: -0
    pitch: 0
    yaw: 2.9865924542488154e-09
  upper_arm:
    x: -0.00016067690926989205
    y: 0
    z: 0
    roll: 1.5705395165108715
    pitch: 0
    yaw: 4.0480283682932407e-07
  forearm:
    x: -0.24374379545241207
    y: 0
    z: 0
    roll: 0.0018853894711979571
    pitch: 0.0011342188176285426
    yaw: -3.3614456673853723e-06
  wrist_1:
    x: -0.21329005206635385
    y: -0.00017393103435312795
    z: 0.131241521047744
    roll: 0.00132527367205612
    pitch: 0.0012929376459946374
    yaw: 7.0559316769295676e-07
  wrist_2:
    x: 0.00012873396556704005
    y: -0.08546246847859941
    z: -0.00012830752887941829
    roll: 1.5722976575516845
    pitch: 0
    yaw: 1.3578143452114971e-06
  wrist_3:
    x: -0.00017305372937375171
    y: 0.092237870086180757
    z: -0.00014112106177235903
    roll: 1.5692663592064386
    pitch: 3.1415926535897931
    yaw: 3.1415925448125441
  hash: calib_13258964235769181718