kinematics:
  shoulder:
    x: 0
    y: 0
    z: 0.15190795761758377
    roll: -0
    pitch: 0
    yaw: -7.3213281775313943e-07
  upper_arm:
    x: -0.00010876033700216326
    y: 0
    z: 0
    roll: 1.5702527981159315
    pitch: 0
    yaw: 2.0066883535070494e-06
  forearm:
    x: -0.24383892510365873
    y: 0
    z: 0
    roll: 0.0020037684988941612
    pitch: 0.0010609808499433494
    yaw: -6.7858919171837519e-06
  wrist_1:
    x: -0.21328061102524887
    y: -0.00027238650421350797
    z: 0.13121415119280774
    roll: 0.0020758897609026348
    pitch: 0.0019851713182971811
    yaw: -1.7618785668168555e-06
  wrist_2:
    x: 7.6823753876774503e-05
    y: -0.085285145546050101
    z: 0.00015993270591670855
    roll: 1.5689210586292868
    pitch: 0
    yaw: 1.518834021298904e-06
  wrist_3:
    x: -0.00023099252039255266
    y: 0.092260679992686459
    z: -4.5551274257338219e-05
    roll: 1.5703026032437617
    pitch: 3.1415926535897931
    yaw: -3.1415924472264289
  hash: calib_12520764469112936323