kinematics:
  shoulder:
    x: 0
    y: 0
    z: 0.15195934352736501
    roll: -0
    pitch: 0
    yaw: -2.4423885142772425e-07
  upper_arm:
    x: -0.00012838021460923898
    y: 0
    z: 0
    roll: 1.5693603871645228
    pitch: 0
    yaw: -2.625777488773906e-07
  forearm:
    x: -0.2440734170945362
    y: 0
    z: 0
    roll: 0.001563853615413867
    pitch: 0.0028609240507776437
    yaw: -3.7477495161265791e-06
  wrist_1:
    x: -0.21335675588695061
    y: -7.5750641088628064e-05
    z: 0.13145766498403941
    roll: 0.00057623595180657748
    pitch: 0.0015264323581925393
    yaw: -1.5579752734388003e-06
  wrist_2:
    x: 7.7352219036348291e-05
    y: -0.085364629961427116
    z: -2.6460042941462039e-05
    roll: 1.5711062917312644
    pitch: 0
    yaw: -1.0038411693559479e-07
  wrist_3:
    x: -0.00016828902152395765
    y: 0.09223064519846684
    z: 0.0
    roll: 1.5694177244659293
    pitch: 3.1415926535897931
    yaw: -3.1415926157350684
  hash: calib_10817087306801238825