corner_positions:
- qw: 0.9950786247299412
  qx: -0.0005161201461981289
  qy: -0.0028136598797985596
  qz: 0.0990471985653525
  x: -0.2403245927527554
  y: 0.151850409887232
  z: 0.09729886765570601
- qw: 0.8891055999351931
  qx: -0.005312840068415522
  qy: -0.03568403660521756
  qz: -0.45627804618000767
  x: 0.2473325977436653
  y: 0.15313605736647698
  z: 0.09483944518710624
- qw: 0.991418005195212
  qx: -0.017663737930863673
  qy: 0.039093096868107406
  qz: -0.12349113779667416
  x: 0.24138487595399383
  y: 0.43899022032570834
  z: 0.09697850329910124
- qw: 0.9916561542170304
  qx: -0.020050626589124227
  qy: -0.006050194646586849
  qz: -0.1271984249965823
  x: -0.24100457393963445
  y: 0.44030781988868095
  z: 0.09876270122911382
