corner_positions:
- qw: 0.9999999981103974
  qx: -1.6475930989002413e-05
  qy: 2.2661899657109354e-06
  qz: -5.918287980779194e-05
  x: -0.21018228011199255
  y: -0.296995088164601
  z: 0.05002003697276382
- qw: 0.999999998204843
  qx: -4.6533094537067515e-05
  qy: 3.6615044104925374e-05
  qz: -9.182801500929294e-06
  x: -0.42003667910641107
  y: -0.29702873856280126
  z: 0.05000949735119277
- qw: 0.9999999998600178
  qx: 4.070003363329502e-06
  qy: 1.6125352447106147e-05
  qz: -1.836469643419825e-06
  x: -0.4200019652991605
  y: 0.29699923604858014
  z: 0.05000986757221944
- qw: 0.9999999984019864
  qx: 9.671861889058949e-06
  qy: 4.597583908668285e-06
  qz: 5.550985957688972e-05
  x: -0.2100655199796206
  y: 0.29696923501609795
  z: 0.0500233098155351
